# Vzoel Fox's's Assistant v2 Configuration
# Generated automatically by session generator

# API Configuration (Required)
API_ID=29919905
API_HASH=python3 -m venv .venv

# Session
STRING_SESSION=1BVtsOI0BuzDgSXdmOZf15a9CCGGXTrbkvO1TbogGVw_J8dDXNsl-4rEQH6ra6WRAfhEGb1tKGI0Ih6ZATLiwwn7CWJfk6r4GgX4BsaFQcuA_xkfAuKO_iO1hXKZ-HNTJmhTWq_AV2pmRvBqeqtoKTlQU6jL0M59JVpupJzfgZ1SgvOjFLJXh_6IRMt-67reqyiwPz5pmKDtbXoCjkfkWXVLHF2sU3Fd41V6H-TuYTVxbyKVBLuJRDT_9IiFmlAUiWFHU_bKxsVskI4_2kGYHzYtD4N2K7xxQzEePPFsKMJzoESPYVVnBleA_dN9w2egTo_0gOsSQiYCPiH8n96WiG4Qgo8dufU4=

# Optional Settings
VZOEL_PREFIX=.
# VZOEL_OWNER_ID=123456789
# VZOEL_LOG_CHAT=-1001234567890

# Premium Features
PREMIUM_EMOJIS_ENABLED=true
EMOJI_MAPPING_FILE=emoji_mapping.json

# Advanced Settings
WORKERS=4
LOAD_UNOFFICIAL_PLUGINS=false

# Database
DATABASE_URL=sqlite:///vzl2.db
LOCKED_USERS_GLOBAL=[1166600226, 1927430008, 615294917, 6547201613, 7951832209, 7360660998, 7442506962, 1847641730, 7112380570, 8167904373, 1789196664, 6854220685, 1413644201, 6771085223, 1371061365, 7989719706, 1813821608, 5560310674, 8132000594, 6443032343, 890425915, 5721720953, 6824859389, 5228075978, 695641283, 6881236382, 7393424532, 1259598471, 1472568994, 7389203556, 7350402824, 6124356218, 6497538375, 5267752498, 7207241320, 6388304691, 6910823135, 8056444100, 7806802729, 7453811064, 1354355299, 6315279074, 1918315459, 6299801952, 7436524387, 2014527705, 1685208252, 7451962649, 5921538075, 1267728381, 7804773466, 7822082484, 1079275606, 1194324434, 6949403790, 1111892757, 5613638096, 7755310629, 1319361761, 7742865857, 6665382964, 6378366313, 6302637732, 6989596026, 6678348402, 6760826007, 6050320288, 6992326731, 6040605106, 1608314193, 6182315023, 6838697038, 7277704038, 7064904105, 8158326378, 1465581999, 6412360836, 2124133453, 7208614208, 7012378288, 7882088250, 1524360418, 5239344216, 7822002025, 6830451041, 1229285203, 6374146614, 7147477789, 7192929426, 7771640777, 6817995819, 6656500655, 8371544049, 7059577061, 8051858763, 978774963, 5126534115, 1094118395, 5973409032, 1798027571, 1279121905, 7406453886, 2095701196, 7347536751, 1697499438, 6485660261, 6246919921, 6252717405, 6233799265, 1728042977, 1424355153, 6210883604, 7419889914, 6273618083, 2033960520, 5629520500, 7892221708, 1245683754, 8126545371, 5967129247, 8094266500, 7731856385, 6422516211, 7854251929, 1614629941, 1264234105, 6360954010, 7896953664, 7075740325, 6536633856, 7334639961, 1456235429, 8277650913, 386469016, 5621158178, 918393321, 5646542514, 5566759809, 5970046395, 6966437589, 6108254177, 7651421857, 6607880116, 8056993225, 7390811611, 6591697376, 8023866960, 5966887117, 1346019692, 6387965274, 7988529002, 6033442895, 6895841683, 7330855034, 5945140916, 1784311722, 6071843619, 6988306463, 1262284687, 6437913909, 6501819866, 6607200219, 6050405351, 7506765849, 1303467979, 6952643795, 6801901644, 6785983111, 6739741982, 1510119020, 6966468971, 1492607796, 1343587221, 847367432, 1606077409, 6610698450, 6566917340, 1090250790, 900292264, 6303452756, 5719721233, 6816764587, 6895445472, 1294163799, 6713901167, 7124072404, 8149936808, 5773254235, 7438956920, 8482441386, 7970122467, 6982659165, 6608998403, 6826718811, 1963972754, 7547081017, 1986050027, 1628491788, 1678497052, 5636899152, 8366239641, 1681506675, 5240877490, 5137335187, 6091699160, 5830339153, 5992751041, 7794965768, 2003500805, 5198175686, 982839654, 5568730437, 5994316225, 5801644539, 5158402425, 5947530830, 5017731529, 5410190596, 2082082906, 6442916213, 6749611946, 1708273603, 6321387409, 5979896496, 1915743768, 6341816413, 6426314955, 1482834001, 8042850433, 1749950967, 914337463, 5877286125, 1389058794, 6956187096, 6688797802, 1993079410, 7870569878, 1058442918, 825018913, 6656625674, 6402368553, 6015013790]
